V 54
K 1
D 0 -254000 2794000 0
Y 1
U 2413000 762000 254000 0 2 3 REFDES=VR?
U 2413000 508000 254000 0 2 3 DEVICE=3386G-1-472LF
U 2413000 254000 254000 0 2 0 PKG_TYPE=3386G1503LF
U 2413000 0 254000 0 2 0 Description=Trimmer Resistors - Through Hole 3/8" 4.7Kohms 10% 0.5Watts Square
U 2413000 -254000 254000 0 2 0 Datasheet Link=https://componentsearchengine.com/Datasheets/1/3386G-1-503LF.pdf
U 2413000 -508000 254000 0 2 0 Height=4.83
U 2413000 -762000 254000 0 2 0 Mouser Part Number=652-3386G-1-472LF
U 2413000 -1016000 254000 0 2 0 Mouser Price/Stock=https://www.mouser.co.uk/ProductDetail/Bourns/3386G-1-472LF?qs=jh2Y1wKDsmisnPC5JCu25Q%3D%3D
U 2413000 -1270000 254000 0 2 0 Manufacturer_Name=Bourns
U 2413000 -1524000 254000 0 2 0 Manufacturer_Part_Number=3386G-1-472LF
U 0 0 254000 0 1 0 FORWARD_PCB=1
l 5 508000 254000 2286000 254000 2286000 -508000 508000 -508000 508000 254000
|GRPHSTL -1 -1 -1 1
P 1 0 0 508000 0 0 2 0
L 584200 0 228600 0 2 0 1 0 CCW
A 355600 50800 203200 0 9 3 #=1
A 0 0 9 0 3 0 PINTYPE=BI
P 2 2794000 0 2286000 0 0 3 0
L 2209800 0 228600 0 8 0 1 0 WIPER
A 2438400 50800 203200 0 3 3 #=2
A 0 0 9 0 3 0 PINTYPE=BI
P 3 0 -254000 508000 -254000 0 2 0
L 584200 -254000 228600 0 2 0 1 0 CW
A 355600 -203200 203200 0 9 3 #=3
A 0 0 9 0 3 0 PINTYPE=BI
E
