V 54
K 1
D 0 -1016000 0 0
Y 1
U 2159000 762000 254000 0 2 3 REFDES=PS?
U 2159000 508000 254000 0 2 3 DEVICE=NMA1209SC
U 2159000 254000 254000 0 2 0 PKG_TYPE=NMA1209SC
U 2159000 0 254000 0 2 0 Description=Isolated Module DC DC Converter 2 Output 9V -9V 55mA, 55mA 10.8V - 13.2V Input
U 2159000 -254000 254000 0 2 0 Datasheet Link=https://www.murata.com/products/productdata/8807031013406/kdc-nma.pdf
U 2159000 -508000 254000 0 2 0 Height=10.25
U 2159000 -762000 254000 0 2 0 Mouser Part Number=580-NMA1209SC
U 2159000 -1016000 254000 0 2 0 Mouser Price/Stock=https://www.mouser.co.uk/ProductDetail/Murata-Power-Solutions/NMA1209SC?qs=Z7IUn5gUMVNP8y%252Bxli9kPg%3D%3D
U 2159000 -1270000 254000 0 2 0 Manufacturer_Name=Murata Electronics
U 2159000 -1524000 254000 0 2 0 Manufacturer_Part_Number=NMA1209SC
U 0 0 254000 0 1 0 FORWARD_PCB=1
l 5 508000 254000 2032000 254000 2032000 -1270000 508000 -1270000 508000 254000
|GRPHSTL -1 -1 -1 1
P 1 0 0 508000 0 0 2 0
L 584200 0 228600 0 2 0 1 0 +VIN
A 355600 50800 203200 0 9 3 #=1
A 0 0 9 0 3 0 PINTYPE=BI
P 2 0 -254000 508000 -254000 0 2 0
L 584200 -254000 228600 0 2 0 1 0 -VIN
A 355600 -203200 203200 0 9 3 #=2
A 0 0 9 0 3 0 PINTYPE=BI
P 3 0 -508000 508000 -508000 0 2 0
L 584200 -508000 228600 0 2 0 1 0 -VOUT
A 355600 -457200 203200 0 9 3 #=4
A 0 0 9 0 3 0 PINTYPE=BI
P 4 0 -762000 508000 -762000 0 2 0
L 584200 -762000 228600 0 2 0 1 0 OV
A 355600 -711200 203200 0 9 3 #=5
A 0 0 9 0 3 0 PINTYPE=BI
P 5 0 -1016000 508000 -1016000 0 2 0
L 584200 -1016000 228600 0 2 0 1 0 +VOUT
A 355600 -965200 203200 0 9 3 #=6
A 0 0 9 0 3 0 PINTYPE=BI
E
