V 54
K 1
D 0 -1270000 2032000 1270000
Y 1
U 1651000 1270000 254000 0 2 3 REFDES=J?
U 1651000 1016000 254000 0 2 3 DEVICE=1904147
U 1651000 762000 254000 0 2 0 PKG_TYPE=1904147
U 1651000 508000 254000 0 2 0 Description=PCB Terminal Block 1904147
U 1651000 254000 254000 0 2 0 Datasheet Link=https://datasheet.datasheetarchive.com/originals/distributors/SFDatasheet-2/sf-00056479.pdf
U 1651000 0 254000 0 2 0 Height=
U 1651000 -254000 254000 0 2 0 Mouser Part Number=651-1904147
U 1651000 -508000 254000 0 2 0 Mouser Price/Stock=https://www.mouser.co.uk/ProductDetail/Phoenix-Contact/1904147?qs=71zq8cT40ISVFWCxilHzsw%3D%3D
U 1651000 -762000 254000 0 2 0 Manufacturer_Name=Phoenix Contact
U 1651000 -1016000 254000 0 2 0 Manufacturer_Part_Number=1904147
U 0 0 254000 0 1 0 FORWARD_PCB=1
l 5 508000 762000 1524000 762000 1524000 -762000 508000 -762000 508000 762000
|GRPHSTL -1 -1 -1 1
P 1 0 0 508000 0 0 2 0
L 584200 0 228600 0 2 0 1 0 1
A 355600 50800 203200 0 9 3 #=1
A 0 0 9 0 3 0 PINTYPE=BI
P 2 2032000 0 1524000 0 0 3 0
L 1447800 0 228600 0 8 0 1 0 2
A 1676400 50800 203200 0 3 3 #=2
A 0 0 9 0 3 0 PINTYPE=BI
P 3 1016000 1270000 1016000 762000 0 0 0
L 1016000 685800 228600 1 8 0 1 0 3
A 965200 914400 203200 1 3 3 #=3
A 0 0 9 0 3 0 PINTYPE=BI
P 4 1016000 -1270000 1016000 -762000 0 1 0
L 1016000 -685800 228600 1 2 0 1 0 4
A 965200 -914400 203200 1 9 3 #=4
A 0 0 9 0 3 0 PINTYPE=BI
E
